  -2.1952260e+00
  -2.2031622e+00
  -2.1787647e+00
  -2.1976497e+00
  -2.1945482e+00
  -2.1849484e+00
  -2.1903518e+00
  -2.1951680e+00
  -2.2147416e+00
  -2.2100467e+00
  -2.1854897e+00
  -2.2119574e+00
  -2.1982592e+00
  -2.1936873e+00
  -2.1985130e+00
  -2.1931537e+00
  -2.1937975e+00
  -2.2089890e+00
  -2.2140135e+00
  -2.2195710e+00
  -2.2206053e+00
  -2.2148398e+00
  -2.2318967e+00
  -2.2428831e+00
  -2.2415435e+00
  -2.2503268e+00
  -2.2539884e+00
  -2.2533149e+00
  -2.2624073e+00
  -2.2614288e+00
  -2.2769914e+00
  -2.2702871e+00
  -2.2762647e+00
  -2.2833295e+00
  -2.2760292e+00
  -2.2971066e+00
  -2.2852089e+00
  -2.2735097e+00
  -2.2810425e+00
  -2.2573330e+00
  -2.2617701e+00
  -2.2557163e+00
  -2.2538617e+00
  -2.2486051e+00
  -2.2363201e+00
  -2.2361105e+00
  -2.2300830e+00
  -2.2296199e+00
  -2.2271947e+00
  -2.2220722e+00
  -2.2050161e+00
  -2.2054436e+00
  -2.1924762e+00
  -2.1878614e+00
  -2.1943907e+00
  -2.2035171e+00
  -2.1895928e+00
  -2.1963285e+00
  -2.1926362e+00
  -2.2005833e+00
  -2.1872342e+00
  -2.1938534e+00
  -2.1968627e+00
  -2.2000407e+00
  -2.2025917e+00
  -2.1937315e+00
  -2.1841558e+00
  -2.1885410e+00
  -2.1865148e+00
  -2.2068765e+00
  -2.1889696e+00
  -2.1970412e+00
  -2.1912876e+00
  -2.1976633e+00
  -2.1876320e+00
  -2.1836969e+00
  -2.1834657e+00
  -2.1805224e+00
  -2.1621222e+00
  -2.1476033e+00
  -2.1428887e+00
  -2.1217156e+00
  -2.1067462e+00
  -2.1448117e+00
  -2.1601849e+00
  -2.1989177e+00
  -2.2294747e+00
  -2.2527281e+00
  -2.2852106e+00
  -2.3066477e+00
  -2.3364813e+00
  -2.3737244e+00
  -2.4071549e+00
  -2.4480605e+00
  -2.4582725e+00
  -2.4031240e+00
  -2.4490670e+00
  -2.3955257e+00
  -2.3620520e+00
  -2.3114796e+00
  -2.2848519e+00
  -2.2320434e+00
  -2.1955341e+00
  -2.1492283e+00
  -2.1118785e+00
  -2.0640173e+00
  -2.0281210e+00
  -1.9871793e+00
  -1.9505764e+00
  -1.9894793e+00
  -2.0281529e+00
  -2.0862845e+00
  -2.1497886e+00
  -2.1855671e+00
  -2.1978739e+00
  -2.1929607e+00
  -2.2009447e+00
  -2.1806673e+00
  -2.1913547e+00
  -2.1854020e+00
  -2.2102053e+00
  -2.1978168e+00
  -2.2012475e+00
  -2.1867328e+00
  -2.1903784e+00
  -2.1916634e+00
  -2.1999970e+00
  -2.1918474e+00
  -2.1978320e+00
  -2.1814201e+00
  -2.1917161e+00
  -2.1890058e+00
  -2.1845932e+00
  -2.1972116e+00
  -2.1959638e+00
  -2.1945810e+00
  -2.1864862e+00
  -2.2013614e+00
  -2.1968057e+00
  -2.1930184e+00
  -2.1950584e+00
  -2.1934572e+00
  -2.1846361e+00
  -2.1935317e+00
  -2.1903656e+00
  -2.1895867e+00
  -2.1886317e+00
  -2.1924770e+00
  -2.1837707e+00
  -2.2016801e+00
  -2.1991232e+00
  -2.1959909e+00
  -2.1960106e+00
  -2.1915385e+00
  -2.2025477e+00
  -2.1957445e+00
  -2.1923648e+00
  -2.2048685e+00
  -2.1955197e+00
  -2.1934424e+00
  -2.1953222e+00
  -2.1945396e+00
  -2.1954487e+00
  -2.2198679e+00
  -2.2171872e+00
  -2.2116418e+00
  -2.2047963e+00
  -2.2096885e+00
  -2.2163645e+00
  -2.2247146e+00
  -2.2145164e+00
  -2.2110716e+00
  -2.2188986e+00
  -2.2321367e+00
  -2.2350261e+00
  -2.2379304e+00
  -2.2369810e+00
  -2.2414072e+00
  -2.2399905e+00
  -2.2505620e+00
  -2.2345360e+00
  -2.2427528e+00
  -2.2322467e+00
  -2.2326460e+00
  -2.2352885e+00
  -2.2355227e+00
  -2.2198987e+00
  -2.2314849e+00
  -2.2251981e+00
  -2.2181465e+00
  -2.2146987e+00
  -2.2118808e+00
  -2.2086842e+00
  -2.2079575e+00
  -2.2054433e+00
  -2.2074084e+00
  -2.2089302e+00
  -2.1998862e+00
  -2.1953642e+00
  -2.1999114e+00
  -2.1967974e+00
  -2.1890571e+00
  -2.2004688e+00
  -2.1961536e+00
  -2.1946600e+00
  -2.1964782e+00
  -2.1944929e+00
  -2.1868133e+00
  -2.1910260e+00
  -2.1911237e+00
  -2.1888079e+00
  -2.2020926e+00
  -2.1867456e+00
  -2.1890971e+00
  -2.1877280e+00
  -2.1849547e+00
  -2.1908466e+00
  -2.1903556e+00
  -2.2011804e+00
  -2.1905059e+00
  -2.1856147e+00
  -2.2016207e+00
  -2.1994081e+00
  -2.1906222e+00
  -2.1829630e+00
  -2.1893322e+00
  -2.1910644e+00
  -2.1936564e+00
  -2.1904330e+00
  -2.1946605e+00
  -2.1943514e+00
  -2.1844959e+00
  -2.1863122e+00
  -2.1875534e+00
  -2.1889531e+00
  -2.1900765e+00
  -2.1920748e+00
  -2.1738249e+00
  -2.1892579e+00
  -2.1994547e+00
  -2.1855998e+00
  -2.1976024e+00
  -2.1941019e+00
  -2.1918260e+00
  -2.1930947e+00
  -2.1826097e+00
  -2.1914928e+00
  -2.2016237e+00
  -2.1925901e+00
  -2.1922482e+00
  -2.1875950e+00
  -2.1918151e+00
  -2.1933941e+00
  -2.1945583e+00
  -2.1897631e+00
  -2.1905813e+00
  -2.1952260e+00
  -2.2031622e+00
  -2.1787647e+00
  -2.1976497e+00
  -2.1945482e+00
  -2.1849484e+00
  -2.1903518e+00
  -2.1951680e+00
  -2.2147416e+00
  -2.2100467e+00
  -2.1854897e+00
  -2.2119574e+00
  -2.1982592e+00
  -2.1936873e+00
  -2.1985130e+00
  -2.1931537e+00
  -2.1937975e+00
  -2.2089890e+00
  -2.2140135e+00
  -2.2195710e+00
  -2.2206053e+00
  -2.2148398e+00
  -2.2318967e+00
  -2.2428831e+00
  -2.2415435e+00
  -2.2503268e+00
  -2.2539884e+00
  -2.2533149e+00
  -2.2624073e+00
  -2.2614288e+00
  -2.2769914e+00
  -2.2702871e+00
  -2.2762647e+00
  -2.2833295e+00
  -2.2760292e+00
  -2.2971066e+00
  -2.2852089e+00
  -2.2735097e+00
  -2.2810425e+00
  -2.2573330e+00
  -2.2617701e+00
  -2.2557163e+00
  -2.2538617e+00
  -2.2486051e+00
  -2.2363201e+00
  -2.2361105e+00
  -2.2300830e+00
  -2.2296199e+00
  -2.2271947e+00
  -2.2220722e+00
  -2.2050161e+00
  -2.2054436e+00
  -2.1924762e+00
  -2.1878614e+00
  -2.1943907e+00
  -2.2035171e+00
  -2.1895928e+00
  -2.1963285e+00
  -2.1926362e+00
  -2.2005833e+00
  -2.1872342e+00
  -2.1938534e+00
  -2.1968627e+00
  -2.2000407e+00
  -2.2025917e+00
  -2.1937315e+00
  -2.1841558e+00
  -2.1885410e+00
  -2.1865148e+00
  -2.2068765e+00
  -2.1889696e+00
  -2.1970412e+00
  -2.1912876e+00
  -2.1976633e+00
  -2.1876320e+00
  -2.1836969e+00
  -2.1834657e+00
  -2.1805224e+00
  -2.1621222e+00
  -2.1476033e+00
  -2.1428887e+00
  -2.1217156e+00
  -2.1067462e+00
  -2.1448117e+00
  -2.1601849e+00
  -2.1989177e+00
  -2.2294747e+00
  -2.2527281e+00
  -2.2852106e+00
  -2.3066477e+00
  -2.3364813e+00
  -2.3737244e+00
  -2.4071549e+00
  -2.4480605e+00
  -2.4582725e+00
  -2.4931240e+00
  -2.4490670e+00
  -2.3955257e+00
  -2.3620520e+00
  -2.3114796e+00
  -2.2848519e+00
  -2.2320434e+00
  -2.1955341e+00
  -2.1492283e+00
  -2.1118785e+00
  -2.0640173e+00
  -2.0281210e+00
  -1.9871793e+00
  -1.9005764e+00
  -1.9894793e+00
  -2.0281529e+00
  -2.0862845e+00
  -2.1497886e+00
  -2.1855671e+00
  -2.1978739e+00
  -2.1929607e+00
  -2.2009447e+00
  -2.1806673e+00
  -2.1913547e+00
  -2.1854020e+00
  -2.2102053e+00
  -2.1978168e+00
  -2.2012475e+00
  -2.1867328e+00
  -2.1903784e+00
  -2.1916634e+00
  -2.1999970e+00
  -2.1918474e+00
  -2.1978320e+00
  -2.1814201e+00
  -2.1917161e+00
  -2.1890058e+00
  -2.1845932e+00
  -2.1972116e+00
  -2.1959638e+00
  -2.1945810e+00
  -2.1864862e+00
  -2.2013614e+00
  -2.1968057e+00
  -2.1930184e+00
  -2.1950584e+00
  -2.1934572e+00
  -2.1846361e+00
  -2.1935317e+00
  -2.1903656e+00
  -2.1895867e+00
  -2.1886317e+00
  -2.1924770e+00
  -2.1837707e+00
  -2.2016801e+00
  -2.1991232e+00
  -2.1959909e+00
  -2.1960106e+00
  -2.1915385e+00
  -2.2025477e+00
  -2.1957445e+00
  -2.1923648e+00
  -2.2048685e+00
  -2.1955197e+00
  -2.1934424e+00
  -2.1953222e+00
  -2.1945396e+00
  -2.1954487e+00
  -2.2198679e+00
  -2.2171872e+00
  -2.2116418e+00
  -2.2047963e+00
  -2.2096885e+00
  -2.2163645e+00
  -2.2247146e+00
  -2.2145164e+00
  -2.2110716e+00
  -2.2188986e+00
  -2.2321367e+00
  -2.2350261e+00
  -2.2379304e+00
  -2.2369810e+00
  -2.2414072e+00
  -2.2399905e+00
  -2.2505620e+00
  -2.2345360e+00
  -2.2427528e+00
  -2.2322467e+00
  -2.2326460e+00
  -2.2352885e+00
  -2.2355227e+00
  -2.2198987e+00
  -2.2314849e+00
  -2.2251981e+00
  -2.2181465e+00
  -2.2146987e+00
  -2.2118808e+00
  -2.2086842e+00
  -2.2079575e+00
  -2.2054433e+00
  -2.2074084e+00
  -2.2089302e+00
  -2.1998862e+00
  -2.1953642e+00
  -2.1999114e+00
  -2.1967974e+00
  -2.1890571e+00
  -2.2004688e+00
  -2.1961536e+00
  -2.1946600e+00
  -2.1964782e+00
  -2.1944929e+00
  -2.1868133e+00
  -2.1910260e+00
  -2.1911237e+00
  -2.1888079e+00
  -2.2020926e+00
  -2.1867456e+00
  -2.1890971e+00
  -2.1877280e+00
  -2.1849547e+00
  -2.1908466e+00
  -2.1903556e+00
  -2.2011804e+00
  -2.1905059e+00
  -2.1856147e+00
  -2.2016207e+00
  -2.1994081e+00
  -2.1906222e+00
  -2.1829630e+00
  -2.1893322e+00
  -2.1910644e+00
  -2.1936564e+00
  -2.1904330e+00
  -2.1946605e+00
  -2.1943514e+00
  -2.1844959e+00
  -2.1863122e+00
  -2.1875534e+00
  -2.1889531e+00
  -2.1900765e+00
  -2.1920748e+00
  -2.1738249e+00
  -2.1892579e+00
  -2.1994547e+00
  -2.1855998e+00
  -2.1976024e+00
  -2.1941019e+00
  -2.1918260e+00
  -2.1930947e+00
  -2.1826097e+00
  -2.1914928e+00
  -2.2016237e+00
  -2.1925901e+00
  -2.1922482e+00
  -2.1875950e+00
  -2.1918151e+00
  -2.1933941e+00
  -2.1945583e+00
  -2.1897631e+00
  -2.1905813e+00
  -2.1952260e+00
  -2.2031622e+00
  -2.1787647e+00
  -2.1976497e+00
  -2.1945482e+00
  -2.1849484e+00
  -2.1903518e+00
  -2.1951680e+00
  -2.2147416e+00
  -2.2100467e+00
  -2.1854897e+00
  -2.2119574e+00
  -2.1982592e+00
  -2.1936873e+00
  -2.1985130e+00
  -2.1931537e+00
  -2.1937975e+00
  -2.2089890e+00
  -2.2140135e+00
  -2.2195710e+00
  -2.2206053e+00
  -2.2148398e+00
  -2.2318967e+00
  -2.2428831e+00
  -2.2415435e+00
  -2.2503268e+00
  -2.2539884e+00
  -2.2533149e+00
  -2.2624073e+00
  -2.2614288e+00
  -2.2769914e+00
  -2.2702871e+00
  -2.2762647e+00
  -2.2833295e+00
  -2.2760292e+00
  -2.2971066e+00
  -2.2852089e+00
  -2.2735097e+00
  -2.2810425e+00
  -2.2573330e+00
  -2.2617701e+00
  -2.2557163e+00
  -2.2538617e+00
  -2.2486051e+00
  -2.2363201e+00
  -2.2361105e+00
  -2.2300830e+00
  -2.2296199e+00
  -2.2271947e+00
  -2.2220722e+00
  -2.2050161e+00
  -2.2054436e+00
  -2.1924762e+00
  -2.1878614e+00
  -2.1943907e+00
  -2.2035171e+00
  -2.1895928e+00
  -2.1963285e+00
  -2.1926362e+00
  -2.2005833e+00
  -2.1872342e+00
  -2.1938534e+00
  -2.1968627e+00
  -2.2000407e+00
  -2.2025917e+00
  -2.1937315e+00
  -2.1841558e+00
  -2.1885410e+00
  -2.1865148e+00
  -2.2068765e+00
  -2.1889696e+00
  -2.1970412e+00
  -2.1912876e+00
  -2.1976633e+00
  -2.1876320e+00
  -2.1836969e+00
  -2.1834657e+00
  -2.1805224e+00
  -2.1621222e+00
  -2.1476033e+00
  -2.1428887e+00
  -2.1217156e+00
  -2.1067462e+00
  -2.1448117e+00
  -2.1601849e+00
  -2.1989177e+00
  -2.2294747e+00
  -2.2527281e+00
  -2.2852106e+00
  -2.3066477e+00
  -2.3364813e+00
  -2.3737244e+00
  -2.4071549e+00
  -2.4480605e+00
  -2.4582725e+00
  -2.4931240e+00
  -2.4490670e+00
  -2.3955257e+00
  -2.3620520e+00
  -2.3114796e+00
  -2.2848519e+00
  -2.2320434e+00
  -2.1955341e+00
  -2.1492283e+00
  -2.1118785e+00
  -2.0640173e+00
  -2.0281210e+00
  -1.9871793e+00
  -2.105764e+00
  -1.9894793e+00
  -2.0281529e+00
  -2.0862845e+00
  -2.1497886e+00
  -2.1855671e+00
  -2.1978739e+00
  -2.1929607e+00
  -2.2009447e+00
  -2.1806673e+00
  -2.1913547e+00
  -2.1854020e+00
  -2.2102053e+00
  -2.1978168e+00
  -2.2012475e+00
  -2.1867328e+00
  -2.1903784e+00
  -2.1916634e+00
  -2.1999970e+00
  -2.1918474e+00
  -2.1978320e+00
  -2.1814201e+00
  -2.1917161e+00
  -2.1890058e+00
  -2.1845932e+00
  -2.1972116e+00
  -2.1959638e+00
  -2.1945810e+00
  -2.1864862e+00
  -2.2013614e+00
  -2.1968057e+00
  -2.1930184e+00
  -2.1950584e+00
  -2.1934572e+00
  -2.1846361e+00
  -2.1935317e+00
  -2.1903656e+00
  -2.1895867e+00
  -2.1886317e+00
  -2.1924770e+00
  -2.1837707e+00
  -2.2016801e+00
  -2.1991232e+00
  -2.1959909e+00
  -2.1960106e+00
  -2.1915385e+00
  -2.2025477e+00
  -2.1957445e+00
  -2.1923648e+00
  -2.2048685e+00
  -2.1955197e+00
  -2.1934424e+00
  -2.1953222e+00
  -2.1945396e+00
  -2.1954487e+00
  -2.2198679e+00
  -2.2171872e+00
  -2.2116418e+00
  -2.2047963e+00
  -2.2096885e+00
  -2.2163645e+00
  -2.2247146e+00
  -2.2145164e+00
  -2.2110716e+00
  -2.2188986e+00
  -2.2321367e+00
  -2.2350261e+00
  -2.2379304e+00
  -2.2369810e+00
  -2.2414072e+00
  -2.2399905e+00
  -2.2505620e+00
  -2.2345360e+00
  -2.2427528e+00
  -2.2322467e+00
  -2.2326460e+00
  -2.2352885e+00
  -2.2355227e+00
  -2.2198987e+00
  -2.2314849e+00
  -2.2251981e+00
  -2.2181465e+00
  -2.2146987e+00
  -2.2118808e+00
  -2.2086842e+00
  -2.2079575e+00
  -2.2054433e+00
  -2.2074084e+00
  -2.2089302e+00
  -2.1998862e+00
  -2.1953642e+00
  -2.1999114e+00
  -2.1967974e+00
  -2.1890571e+00
  -2.2004688e+00
  -2.1961536e+00
  -2.1946600e+00
  -2.1964782e+00
  -2.1944929e+00
  -2.1868133e+00
  -2.1910260e+00
  -2.1911237e+00
  -2.1888079e+00
  -2.2020926e+00
  -2.1867456e+00
  -2.1890971e+00
  -2.1877280e+00
  -2.1849547e+00
  -2.1908466e+00
  -2.1903556e+00
  -2.2011804e+00
  -2.1905059e+00
  -2.1856147e+00
  -2.2016207e+00
  -2.1994081e+00
  -2.1906222e+00
  -2.1829630e+00
  -2.1893322e+00
  -2.1910644e+00
  -2.1936564e+00
  -2.1904330e+00
  -2.1946605e+00
  -2.1943514e+00
  -2.1844959e+00
  -2.1863122e+00
  -2.1875534e+00
  -2.1889531e+00
  -2.1900765e+00
  -2.1920748e+00
  -2.1738249e+00
  -2.1892579e+00
  -2.1994547e+00
  -2.1855998e+00
  -2.1976024e+00
  -2.1941019e+00
  -2.1918260e+00
  -2.1930947e+00
  -2.1826097e+00
  -2.1914928e+00
  -2.2016237e+00
  -2.1925901e+00
  -2.1922482e+00
  -2.1875950e+00
  -2.1918151e+00
  -2.1933941e+00
  -2.1945583e+00
  -2.1897631e+00
  -2.1905813e+00
